{
 "cells": [
  {
   "cell_type": "code",
   "execution_count": 42,
   "id": "67f657e6",
   "metadata": {},
   "outputs": [],
   "source": [
    "import pandas as pd\n",
    "import numpy as np"
   ]
  },
  {
   "cell_type": "code",
   "execution_count": 45,
   "id": "51bb41e1",
   "metadata": {
    "scrolled": true
   },
   "outputs": [
    {
     "data": {
      "text/html": [
       "<div>\n",
       "<style scoped>\n",
       "    .dataframe tbody tr th:only-of-type {\n",
       "        vertical-align: middle;\n",
       "    }\n",
       "\n",
       "    .dataframe tbody tr th {\n",
       "        vertical-align: top;\n",
       "    }\n",
       "\n",
       "    .dataframe thead th {\n",
       "        text-align: right;\n",
       "    }\n",
       "</style>\n",
       "<table border=\"1\" class=\"dataframe\">\n",
       "  <thead>\n",
       "    <tr style=\"text-align: right;\">\n",
       "      <th></th>\n",
       "      <th>Yearmon</th>\n",
       "      <th>CPI</th>\n",
       "    </tr>\n",
       "  </thead>\n",
       "  <tbody>\n",
       "    <tr>\n",
       "      <th>0</th>\n",
       "      <td>01-01-1913</td>\n",
       "      <td>9.800</td>\n",
       "    </tr>\n",
       "    <tr>\n",
       "      <th>1</th>\n",
       "      <td>01-02-1913</td>\n",
       "      <td>9.800</td>\n",
       "    </tr>\n",
       "    <tr>\n",
       "      <th>2</th>\n",
       "      <td>01-03-1913</td>\n",
       "      <td>9.800</td>\n",
       "    </tr>\n",
       "    <tr>\n",
       "      <th>3</th>\n",
       "      <td>01-04-1913</td>\n",
       "      <td>9.800</td>\n",
       "    </tr>\n",
       "    <tr>\n",
       "      <th>4</th>\n",
       "      <td>01-05-1913</td>\n",
       "      <td>9.700</td>\n",
       "    </tr>\n",
       "    <tr>\n",
       "      <th>...</th>\n",
       "      <td>...</td>\n",
       "      <td>...</td>\n",
       "    </tr>\n",
       "    <tr>\n",
       "      <th>1296</th>\n",
       "      <td>01-01-2021</td>\n",
       "      <td>261.582</td>\n",
       "    </tr>\n",
       "    <tr>\n",
       "      <th>1297</th>\n",
       "      <td>01-02-2021</td>\n",
       "      <td>263.014</td>\n",
       "    </tr>\n",
       "    <tr>\n",
       "      <th>1298</th>\n",
       "      <td>01-03-2021</td>\n",
       "      <td>264.877</td>\n",
       "    </tr>\n",
       "    <tr>\n",
       "      <th>1299</th>\n",
       "      <td>01-04-2021</td>\n",
       "      <td>267.054</td>\n",
       "    </tr>\n",
       "    <tr>\n",
       "      <th>1300</th>\n",
       "      <td>01-05-2021</td>\n",
       "      <td>269.195</td>\n",
       "    </tr>\n",
       "  </tbody>\n",
       "</table>\n",
       "<p>1301 rows × 2 columns</p>\n",
       "</div>"
      ],
      "text/plain": [
       "         Yearmon      CPI\n",
       "0     01-01-1913    9.800\n",
       "1     01-02-1913    9.800\n",
       "2     01-03-1913    9.800\n",
       "3     01-04-1913    9.800\n",
       "4     01-05-1913    9.700\n",
       "...          ...      ...\n",
       "1296  01-01-2021  261.582\n",
       "1297  01-02-2021  263.014\n",
       "1298  01-03-2021  264.877\n",
       "1299  01-04-2021  267.054\n",
       "1300  01-05-2021  269.195\n",
       "\n",
       "[1301 rows x 2 columns]"
      ]
     },
     "execution_count": 45,
     "metadata": {},
     "output_type": "execute_result"
    }
   ],
   "source": [
    "# Loading in US_CPI_monthly_Jan1913_to_Jan2021.csv to a Pandas DataFrame\n",
    "cpi_df = pd.read_csv('US_CPI_monthly_Jan1913_to_Jan2021.csv')\n",
    "cpi_df"
   ]
  },
  {
   "cell_type": "code",
   "execution_count": 46,
   "id": "324ef0b8",
   "metadata": {
    "scrolled": false
   },
   "outputs": [
    {
     "data": {
      "text/html": [
       "<div>\n",
       "<style scoped>\n",
       "    .dataframe tbody tr th:only-of-type {\n",
       "        vertical-align: middle;\n",
       "    }\n",
       "\n",
       "    .dataframe tbody tr th {\n",
       "        vertical-align: top;\n",
       "    }\n",
       "\n",
       "    .dataframe thead th {\n",
       "        text-align: right;\n",
       "    }\n",
       "</style>\n",
       "<table border=\"1\" class=\"dataframe\">\n",
       "  <thead>\n",
       "    <tr style=\"text-align: right;\">\n",
       "      <th></th>\n",
       "      <th>Date</th>\n",
       "      <th>CPI</th>\n",
       "    </tr>\n",
       "  </thead>\n",
       "  <tbody>\n",
       "    <tr>\n",
       "      <th>0</th>\n",
       "      <td>01-01-1913</td>\n",
       "      <td>9.800</td>\n",
       "    </tr>\n",
       "    <tr>\n",
       "      <th>1</th>\n",
       "      <td>01-02-1913</td>\n",
       "      <td>9.800</td>\n",
       "    </tr>\n",
       "    <tr>\n",
       "      <th>2</th>\n",
       "      <td>01-03-1913</td>\n",
       "      <td>9.800</td>\n",
       "    </tr>\n",
       "    <tr>\n",
       "      <th>3</th>\n",
       "      <td>01-04-1913</td>\n",
       "      <td>9.800</td>\n",
       "    </tr>\n",
       "    <tr>\n",
       "      <th>4</th>\n",
       "      <td>01-05-1913</td>\n",
       "      <td>9.700</td>\n",
       "    </tr>\n",
       "    <tr>\n",
       "      <th>...</th>\n",
       "      <td>...</td>\n",
       "      <td>...</td>\n",
       "    </tr>\n",
       "    <tr>\n",
       "      <th>1296</th>\n",
       "      <td>01-01-2021</td>\n",
       "      <td>261.582</td>\n",
       "    </tr>\n",
       "    <tr>\n",
       "      <th>1297</th>\n",
       "      <td>01-02-2021</td>\n",
       "      <td>263.014</td>\n",
       "    </tr>\n",
       "    <tr>\n",
       "      <th>1298</th>\n",
       "      <td>01-03-2021</td>\n",
       "      <td>264.877</td>\n",
       "    </tr>\n",
       "    <tr>\n",
       "      <th>1299</th>\n",
       "      <td>01-04-2021</td>\n",
       "      <td>267.054</td>\n",
       "    </tr>\n",
       "    <tr>\n",
       "      <th>1300</th>\n",
       "      <td>01-05-2021</td>\n",
       "      <td>269.195</td>\n",
       "    </tr>\n",
       "  </tbody>\n",
       "</table>\n",
       "<p>1301 rows × 2 columns</p>\n",
       "</div>"
      ],
      "text/plain": [
       "            Date      CPI\n",
       "0     01-01-1913    9.800\n",
       "1     01-02-1913    9.800\n",
       "2     01-03-1913    9.800\n",
       "3     01-04-1913    9.800\n",
       "4     01-05-1913    9.700\n",
       "...          ...      ...\n",
       "1296  01-01-2021  261.582\n",
       "1297  01-02-2021  263.014\n",
       "1298  01-03-2021  264.877\n",
       "1299  01-04-2021  267.054\n",
       "1300  01-05-2021  269.195\n",
       "\n",
       "[1301 rows x 2 columns]"
      ]
     },
     "execution_count": 46,
     "metadata": {},
     "output_type": "execute_result"
    }
   ],
   "source": [
    "# Renaming 'Yearmon' column to 'Date'\n",
    "cpi_df = cpi_df.rename(columns = {'Yearmon':'Date'})\n",
    "cpi_df"
   ]
  },
  {
   "cell_type": "code",
   "execution_count": 47,
   "id": "d60f8d24",
   "metadata": {},
   "outputs": [],
   "source": [
    "#Flipping Date format to match 'yyyy-mm-dd'\n",
    "cpi_df['Date'] = cpi_df['Date'].apply(lambda x: str(x)[6:]+'-'+str(x)[3:6]+str(x)[:2])"
   ]
  },
  {
   "cell_type": "code",
   "execution_count": 48,
   "id": "719ae0e1",
   "metadata": {},
   "outputs": [
    {
     "data": {
      "text/html": [
       "<div>\n",
       "<style scoped>\n",
       "    .dataframe tbody tr th:only-of-type {\n",
       "        vertical-align: middle;\n",
       "    }\n",
       "\n",
       "    .dataframe tbody tr th {\n",
       "        vertical-align: top;\n",
       "    }\n",
       "\n",
       "    .dataframe thead th {\n",
       "        text-align: right;\n",
       "    }\n",
       "</style>\n",
       "<table border=\"1\" class=\"dataframe\">\n",
       "  <thead>\n",
       "    <tr style=\"text-align: right;\">\n",
       "      <th></th>\n",
       "      <th>Date</th>\n",
       "      <th>CPI</th>\n",
       "    </tr>\n",
       "  </thead>\n",
       "  <tbody>\n",
       "    <tr>\n",
       "      <th>0</th>\n",
       "      <td>1913-01-01</td>\n",
       "      <td>9.800</td>\n",
       "    </tr>\n",
       "    <tr>\n",
       "      <th>1</th>\n",
       "      <td>1913-02-01</td>\n",
       "      <td>9.800</td>\n",
       "    </tr>\n",
       "    <tr>\n",
       "      <th>2</th>\n",
       "      <td>1913-03-01</td>\n",
       "      <td>9.800</td>\n",
       "    </tr>\n",
       "    <tr>\n",
       "      <th>3</th>\n",
       "      <td>1913-04-01</td>\n",
       "      <td>9.800</td>\n",
       "    </tr>\n",
       "    <tr>\n",
       "      <th>4</th>\n",
       "      <td>1913-05-01</td>\n",
       "      <td>9.700</td>\n",
       "    </tr>\n",
       "    <tr>\n",
       "      <th>...</th>\n",
       "      <td>...</td>\n",
       "      <td>...</td>\n",
       "    </tr>\n",
       "    <tr>\n",
       "      <th>1296</th>\n",
       "      <td>2021-01-01</td>\n",
       "      <td>261.582</td>\n",
       "    </tr>\n",
       "    <tr>\n",
       "      <th>1297</th>\n",
       "      <td>2021-02-01</td>\n",
       "      <td>263.014</td>\n",
       "    </tr>\n",
       "    <tr>\n",
       "      <th>1298</th>\n",
       "      <td>2021-03-01</td>\n",
       "      <td>264.877</td>\n",
       "    </tr>\n",
       "    <tr>\n",
       "      <th>1299</th>\n",
       "      <td>2021-04-01</td>\n",
       "      <td>267.054</td>\n",
       "    </tr>\n",
       "    <tr>\n",
       "      <th>1300</th>\n",
       "      <td>2021-05-01</td>\n",
       "      <td>269.195</td>\n",
       "    </tr>\n",
       "  </tbody>\n",
       "</table>\n",
       "<p>1301 rows × 2 columns</p>\n",
       "</div>"
      ],
      "text/plain": [
       "            Date      CPI\n",
       "0     1913-01-01    9.800\n",
       "1     1913-02-01    9.800\n",
       "2     1913-03-01    9.800\n",
       "3     1913-04-01    9.800\n",
       "4     1913-05-01    9.700\n",
       "...          ...      ...\n",
       "1296  2021-01-01  261.582\n",
       "1297  2021-02-01  263.014\n",
       "1298  2021-03-01  264.877\n",
       "1299  2021-04-01  267.054\n",
       "1300  2021-05-01  269.195\n",
       "\n",
       "[1301 rows x 2 columns]"
      ]
     },
     "execution_count": 48,
     "metadata": {},
     "output_type": "execute_result"
    }
   ],
   "source": [
    "cpi_df"
   ]
  },
  {
   "cell_type": "code",
   "execution_count": 49,
   "id": "c39857d0",
   "metadata": {
    "scrolled": false
   },
   "outputs": [
    {
     "data": {
      "text/plain": [
       "Date     object\n",
       "CPI     float64\n",
       "dtype: object"
      ]
     },
     "execution_count": 49,
     "metadata": {},
     "output_type": "execute_result"
    }
   ],
   "source": [
    "# Checking data types of cpi_df DataFrame\n",
    "cpi_df.dtypes"
   ]
  },
  {
   "cell_type": "code",
   "execution_count": 50,
   "id": "502bf435",
   "metadata": {
    "scrolled": true
   },
   "outputs": [],
   "source": [
    "# Converting 'Date' column data type to datetime\n",
    "cpi_df['Date']= pd.to_datetime(cpi_df['Date'])"
   ]
  },
  {
   "cell_type": "code",
   "execution_count": 51,
   "id": "803566f1",
   "metadata": {
    "scrolled": true
   },
   "outputs": [
    {
     "data": {
      "text/plain": [
       "Date    datetime64[ns]\n",
       "CPI            float64\n",
       "dtype: object"
      ]
     },
     "execution_count": 51,
     "metadata": {},
     "output_type": "execute_result"
    }
   ],
   "source": [
    "# Confirming 'Date' column data type is now datetime\n",
    "cpi_df.dtypes"
   ]
  },
  {
   "cell_type": "code",
   "execution_count": 52,
   "id": "37305bb3",
   "metadata": {},
   "outputs": [
    {
     "data": {
      "text/html": [
       "<div>\n",
       "<style scoped>\n",
       "    .dataframe tbody tr th:only-of-type {\n",
       "        vertical-align: middle;\n",
       "    }\n",
       "\n",
       "    .dataframe tbody tr th {\n",
       "        vertical-align: top;\n",
       "    }\n",
       "\n",
       "    .dataframe thead th {\n",
       "        text-align: right;\n",
       "    }\n",
       "</style>\n",
       "<table border=\"1\" class=\"dataframe\">\n",
       "  <thead>\n",
       "    <tr style=\"text-align: right;\">\n",
       "      <th></th>\n",
       "      <th>Date</th>\n",
       "      <th>CPI</th>\n",
       "    </tr>\n",
       "  </thead>\n",
       "  <tbody>\n",
       "    <tr>\n",
       "      <th>0</th>\n",
       "      <td>1913-01-01</td>\n",
       "      <td>9.800</td>\n",
       "    </tr>\n",
       "    <tr>\n",
       "      <th>1</th>\n",
       "      <td>1913-02-01</td>\n",
       "      <td>9.800</td>\n",
       "    </tr>\n",
       "    <tr>\n",
       "      <th>2</th>\n",
       "      <td>1913-03-01</td>\n",
       "      <td>9.800</td>\n",
       "    </tr>\n",
       "    <tr>\n",
       "      <th>3</th>\n",
       "      <td>1913-04-01</td>\n",
       "      <td>9.800</td>\n",
       "    </tr>\n",
       "    <tr>\n",
       "      <th>4</th>\n",
       "      <td>1913-05-01</td>\n",
       "      <td>9.700</td>\n",
       "    </tr>\n",
       "    <tr>\n",
       "      <th>...</th>\n",
       "      <td>...</td>\n",
       "      <td>...</td>\n",
       "    </tr>\n",
       "    <tr>\n",
       "      <th>1296</th>\n",
       "      <td>2021-01-01</td>\n",
       "      <td>261.582</td>\n",
       "    </tr>\n",
       "    <tr>\n",
       "      <th>1297</th>\n",
       "      <td>2021-02-01</td>\n",
       "      <td>263.014</td>\n",
       "    </tr>\n",
       "    <tr>\n",
       "      <th>1298</th>\n",
       "      <td>2021-03-01</td>\n",
       "      <td>264.877</td>\n",
       "    </tr>\n",
       "    <tr>\n",
       "      <th>1299</th>\n",
       "      <td>2021-04-01</td>\n",
       "      <td>267.054</td>\n",
       "    </tr>\n",
       "    <tr>\n",
       "      <th>1300</th>\n",
       "      <td>2021-05-01</td>\n",
       "      <td>269.195</td>\n",
       "    </tr>\n",
       "  </tbody>\n",
       "</table>\n",
       "<p>1301 rows × 2 columns</p>\n",
       "</div>"
      ],
      "text/plain": [
       "           Date      CPI\n",
       "0    1913-01-01    9.800\n",
       "1    1913-02-01    9.800\n",
       "2    1913-03-01    9.800\n",
       "3    1913-04-01    9.800\n",
       "4    1913-05-01    9.700\n",
       "...         ...      ...\n",
       "1296 2021-01-01  261.582\n",
       "1297 2021-02-01  263.014\n",
       "1298 2021-03-01  264.877\n",
       "1299 2021-04-01  267.054\n",
       "1300 2021-05-01  269.195\n",
       "\n",
       "[1301 rows x 2 columns]"
      ]
     },
     "execution_count": 52,
     "metadata": {},
     "output_type": "execute_result"
    }
   ],
   "source": [
    "cpi_df"
   ]
  },
  {
   "cell_type": "code",
   "execution_count": 53,
   "id": "63babf72",
   "metadata": {},
   "outputs": [
    {
     "name": "stdout",
     "output_type": "stream",
     "text": [
      "Stored 'cpi_df' (DataFrame)\n"
     ]
    }
   ],
   "source": [
    "%store cpi_df"
   ]
  }
 ],
 "metadata": {
  "kernelspec": {
   "display_name": "Python 3",
   "language": "python",
   "name": "python3"
  },
  "language_info": {
   "codemirror_mode": {
    "name": "ipython",
    "version": 3
   },
   "file_extension": ".py",
   "mimetype": "text/x-python",
   "name": "python",
   "nbconvert_exporter": "python",
   "pygments_lexer": "ipython3",
   "version": "3.8.8"
  }
 },
 "nbformat": 4,
 "nbformat_minor": 5
}
